0;7;2;445
1;7;1;553
6;7;5;224
3;7;8;794
3;7;2;201
2;7;3;2
6;7;4;924
10;7;3;187
5;7;5;2
8;7;9;351
5;7;5;570
9;7;3;717
15;8;9;181
8;7;3;73
11;7;9;782
13;9;4;822
11;7;5;462
13;7;1;22
13;7;8;445
18;8;7;771
17;7;0;592
19;8;8;8
19;9;3;368
22;8;0;519
24;7;0;232
23;7;9;842
24;9;9;-5
25;9;2;127
25;9;4;53
25;7;3;575
26;7;8;913
26;9;8;439
29;8;1;768
28;7;8;275
32;7;4;314
31;7;7;575
33;8;4;39
30;7;8;85
34;9;7;808
35;9;9;348
39;10;7;14
39;7;4;519
41;7;8;618
40;7;7;740
38;7;8;882
44;7;7;538
44;7;5;190
44;7;4;885
47;7;1;93
46;9;9;414
49;11;1;604
48;8;8;170
51;7;2;11
52;7;5;221
52;7;2;431
53;8;4;34
45;7;6;717
45;7;4;340
46;7;3;578
46;7;9;224
53;9;6;799
56;9;2;5
53;9;5;428
55;9;8;618
56;9;7;317
58;7;8;201
59;7;0;541
59;8;2;746
61;11;7;5
64;11;5;445
61;9;8;519
68;7;1;178
68;7;3;28
68;7;1;354
69;7;4;896
71;9;6;292
72;9;7;73
73;9;2;507
74;9;6;295
77;8;7;748
77;8;0;19
74;7;3;814
77;7;7;533
77;7;5;365
80;9;2;85
79;9;4;380
80;9;1;658
82;11;2;238
82;7;8;17
82;7;7;853
85;8;9;19
87;9;6;286
87;10;1;578
84;7;6;746
85;7;2;890
89;8;8;45
93;10;0;8
90;9;9;402
91;8;0;740
92;7;6;609
93;7;8;456
95;11;1;604
95;7;7;482
97;7;1;0
98;9;6;25
98;9;9;133
99;9;3;42
100;9;0;173
99;9;8;269
100;9;6;280
98;7;3;411
103;11;0;11
100;8;9;658
102;8;8;433
105;9;5;771
106;9;4;587
106;7;4;411
107;7;7;224
109;8;0;19
109;7;1;334
108;7;8;635
110;7;0;479
108;7;0;853
111;8;5;252
110;8;2;646
113;8;3;39
112;8;7;754
114;8;0;456
115;8;8;204
115;8;9;675
117;9;0;476
116;9;7;14
118;9;0;819
118;9;1;309
119;9;8;618
119;10;6;5
121;7;1;465
123;7;0;309
121;7;9;856
122;7;2;612
125;11;0;17
125;11;4;595
129;11;6;303
124;7;2;485
124;7;0;720
133;10;3;8
130;9;7;25
134;10;1;615
136;10;9;258
131;7;6;839
141;10;5;11
138;9;9;751
141;9;1;649
143;9;2;487
144;7;1;862
145;7;5;48
146;7;1;187
146;7;6;320
147;7;1;448
147;7;8;601
149;7;2;763
151;7;1;859
152;8;6;595
156;11;9;567
159;11;9;25
162;10;5;655
164;7;3;428
165;7;3;561
168;8;6;697
170;8;3;479
171;8;7;266
174;11;6;-2
173;11;9;572
180;7;5;385
179;7;7;462
180;7;6;544
178;7;4;470
186;7;2;728
185;7;4;561
185;7;3;402
185;7;9;317
186;7;7;258
187;7;6;388
187;7;8;524
187;7;6;694
186;7;4;530
182;8;3;14
190;7;4;90
182;8;8;740
190;7;9;479
191;7;7;385
192;7;5;309
193;7;3;232
191;7;8;581
192;7;7;658
193;7;7;743
195;10;0;5
195;10;9;615
198;9;8;309
201;9;7;428
199;9;9;25
200;9;3;754
193;9;1;436
167;1;1;167
156;1;5;167
123;1;0;513
97;1;1;399
76;1;2;876
60;1;3;292
21;1;8;348
