200;12;3;953
210;12;3;950
203;2;4;876
206;1;1;924
206;7;3;11
209;4;2;797
209;3;7;714
220;12;1;950
218;4;8;794
219;3;6;714
220;4;5;791
222;4;3;791
224;4;1;782
223;3;3;714
230;12;3;950
233;4;2;785
221;2;6;723
233;2;9;711
240;12;3;953
229;1;2;921
240;4;6;788
241;3;1;709
242;4;4;794
243;3;0;711
250;12;3;950
249;5;4;575
250;2;4;516
244;1;6;788
260;12;2;950
264;5;5;578
265;2;3;521
262;3;3;865
270;12;1;947
266;5;9;575
269;5;4;564
271;5;9;567
269;3;4;504
272;1;6;547
280;12;1;950
280;6;9;468
283;2;5;408
290;12;0;950
292;3;2;865
299;12;9;953
298;14;0;502
296;13;8;433
297;2;1;351
299;1;9;397
309;12;9;950
309;14;1;504
313;14;6;504
308;13;2;433
312;13;0;433
308;2;6;354
310;2;6;348
312;2;6;351
315;1;5;397
319;12;9;950
323;5;7;561
324;3;8;499
330;12;1;950
331;4;2;782
333;13;1;731
336;4;3;788
340;12;1;953
334;14;4;275
333;13;3;207
333;2;4;121
336;1;8;170
331;3;7;697
350;12;1;953
345;13;8;885
345;13;8;814
345;13;8;746
346;2;1;666
354;6;1;476
347;1;8;706
354;2;4;675
356;2;6;414
360;12;0;950
361;14;5;507
357;13;9;436
361;13;7;436
358;2;9;351
364;1;6;399
370;12;0;950
368;5;7;595
371;5;6;590
374;5;5;575
380;12;0;950
377;5;2;581
370;2;9;530
378;3;8;516
377;3;2;516
389;12;9;950
385;14;4;504
384;13;2;436
384;2;4;351
385;3;5;343
387;3;3;348
392;13;3;439
393;14;7;-11
392;2;5;357
394;1;4;916
400;12;0;950
400;14;9;502
399;13;7;433
401;2;1;354
408;3;5;862
